program bad();
begin
$$
reallylongid = 1
longint = 123412341234
badint = 012
realx = 123456.3
realy = 1.123456
realx = 012.345
realy = 1.3450
longrealx = 123456.345E3
longrealy = 12.345678E2
longrealz = 12.345E789
longbadx = 012.345E7
longbady = 12.3450E2
longbadz = 12.345E02
end.
